104
73
46
28
80
192
541
726
696
532
546
603
672
759
1036
1233
1280
1234
1152
922
677
575
478
183
53
22
23
16
73
194
491
715
623
545
595
713
813
1229
1247
1323
1271
1235
1177
1174
839
786
704
426
241
124
34
23
40
76
160
280
472
614
810
979
1088
1123
1231
1396
1392
1360
1147
898
809
809
813
706
247
76
20
9
13
30
67
127
325
562
687
792
868
985
1056
1128
1149
1086
990
853
756
666
321
128
67
25
10
14
70
203
528
822
652
481
484
518
714
766
1005
1226
1256
1225
1154
780
460
394
185
74
29
13
8
16
71
206
563
810
623
585
486
436
738
814
1153
1234
1214
1175
1214
886
539
451
281
87
36
18
17
23
76
220
567
838
653
566
469
447
573
848
1063
1206
1262
1235
1168
944
588
520
370
119
41
15
20
23
71
203
566
761
695
569
566
612
680
922
1173
1255
1256
1174
1225
962
670
535
409
154
148
83
35
25
73
209
504
732
653
572
640
752
846
1137
1318
1304
1229
1209
1219
1019
875
746
627
357
182
97
59
20
36
71
219
382
535
789
878
1080
1126
1209
1260
1381
1475
1419
1291
939
855
834
792
514
253
122
55
21
17
35
93
204
335
606
631
846
909
1054
999
1025
1140
1136
1002
890
744
651
399
220
100
55
13
14
65
157
385
530
505
525
587
716
769
859
1121
1259
1284
1155
1118
885
618
516
412
134
58
29
13
19
66
217
542
753
684
548
494
495
507
819
1059
1238
1197
1173
1179
923
521
447
303
149
56
21
15
15
74
216
563
830
713
620
489
549
630
796
1046
1299
1288
1213
1156
1016
564
504
347
155
55
7
7
17
63
206
524
770
708
578
503
576
670
859
1151
1235
1267
1215
1174
977
659
520
433
214
140
95
33
30
58
220
484
722
749
630
635
760
718
976
1255
1025
974
1113
1228
1001
844
741
745
449
245
142
86
32
36
73
174
329
480
692
833
1009
1103
1133
1302
1413
1398
1382
1204
987
814
835
786
587
278
105
55
26
17
40
78
146
305
508
784
846
889
1004
1046
1088
1083
1095
1004
806
846
538
358
164
81
31
12
17
64
200
507
715
621
631
584
693
751
846
1210
1326
1288
1188
1104
815
500
436
327
160
70
19
16
30
74
210
501
820
651
617
675
726
804
1015
1210
1230
1262
1236
1098
967
531
483
394
182
51
23
13
21
71
217
562
795
634
573
470
479
608
826
1110
1229
1290
1246
1173
909
505
506
338
149
136
55
46
14
45
56
115
152
242
446
654
640
659
954
1423
1402
1278
1183
955
888
919
855
692
413
158
87
28
23
32
81
156
227
319
408
689
755
876
906
926
979
1032
900
790
657
573
743
682
357
156
103
64
27
25
51
107
221
367
573
758
841
869
850
970
1018
1065
991
845
764
712
665
572
330
347
77
56
20
18
28
69
117
301
546
642
700
708
802
852
880
862
951
906
865
816
523
309
123
56
19
19
23
62
204
520
801
677
508
470
512
564
713
1017
1203
1147
1131
1140
759
466
408
260
148
45
18
17
17
67
208
509
689
596
563
515
539
537
737
1088
1262
1293
1257
1185
864
523
424
288
121
53
18
10
27
71
218
567
726
683
507
491
526
598
799
1100
1270
1250
1161
1162
912
549
436
308
158
46
24
8
15
55
175
476
726
625
691
449
505
595
702
907
975
1029
1067
1110
765
446
393
243
81
51
15
22
13
58
190
454
741
680
667
619
651
769
997
1173
1215
1061
1076
985